3583380364
60165755
59979675
3583458796
59953883
59991147
60125707
60169019
3583544588
59979659
60139611
60137051
59952347
60162251
60153915
60110827
60099963
60130939
60005435
60106235
59995243
60135515
60167387
60152363
3583544236
60017963
60003915
60010539
60152907
3583790876
3583545724
60112363
60105179
59998315
60113387
59969995
3583420796
3583421948
60142155
60162811
3583591644
3583625820
3583624412
3583669004
3583749132
3583501484
3583458284
3583295516
3583749148
3583709260
3583502620
3583631116
3583751340
3583709964
3583588156
3583629804
3583421356
3583296444
3583750476
3583634940
3583625340
3583866700
3583633932
3590180236
3590214252
3590423596
3590422588
3590709004
3590102204
3590175068
3590033100
3590681612
3590681068
3590673980
3590717436
3590338700
3590389516
3590418668
3590144268
3589910716
3583628732
3583299580
3583258620
3583869756
3583754332
3583592684
3583836092
3583668060
3583944988
3583943468
3583914764
3583909308
3583907804
3583453292
3583453308
3583337644
3583335980
3583454812
3583378092
3583337628
3583709676
3583544476
3583454268
3583745756
3583876204
3591046700
3583582956
3583257564
3583341948
3583539436
3583635468
3583540492
3583708492
3583383772
3583792124
3583671788
3583629484
3583630588
3583833132
3583671372
3583336284
3583791340
3583249772
3583207644
3583218572
3583209180
3583250780
3583258012
3583258572
3583384956
3583173628
3583336636
3583294604
3583790732
3583750076
3583750956
3583673292
3583337660
3583417228
3583379884
3583500700
3583586204
3583214044
3583462924
3583750716
3583294700
3583673100
3583671692
3583379852
3583291516
3583420988
3583421772
3583421740
3583421020
3583978812
3583459452
3583673788
3583295228
3583296412
3583378124
3583378780
3583459148
3590637436
3583459900
3583253884
3583709052
3583501884
3583378444
3583543660
3583672764
3583459820
3583458700
3583749244
3583422220
3583544028
3583749804
3583500332
3583253804
3583710060
3583457964
3583586236
3583458012
3583469996
3583500284
3583337340
3583422908
3583458668
3583501532
3583502668
3583336652
3583379148
3583450652
3583422172
3583423308
3583338316
3583380268
3583545196
3583459100
3583710620
3583459852
3590631980
3590551388
3589935660
3590981052
3590873964
3590107948
3590174572
3590143836
3590143436
3590262732
3590672956
3590759356
3590752060
3590751052
3590718940
3590717452
3590798476
3590546716
3590759884
3590711436
3590103212
3590304988
3589965436
3590106924
3590547260
3590911660
3590633484
3590916332
3590799500
3590303964
3583296140
3590304492
3583790492
3590679820
3589935308
590839564
3590832892
3591047900
3590680316
3591013964
3583754284
3583340796
3583795580
3583213980
3583383068
3583631324
3583793148
3583422860
3583457516
3583672332
3583254652
3583587804
3583586636
3583459548
3583458380
3583708620
3583294972
3583214988
3583379420
3583421468
3583380572
3583835036
3583338524
3583378172
3583338044
3583296492
3583295884
3583254188
3583337036
3583750412
3583749484
3583384092
3583673436
3583585932
3583544332
3583544924
3583629900
3583629164
3583587068
3583174940
3589316268
3590873628
3588987132
3588989404
3589024604
3589023852
3589108716
3588988220
3590947308
3590915564
3590794108
3590916492
3590872604
3590978716
3589317820
3589398652
3589400620
3589400108
3589438044
3589359212
3589439404
3589439900
3589440780
3589438524
3589025756
3589109916
3591016108
3590465436
3591015100
3590757484
3590792620
3590800188
3591012476
3590980764
3591013692
3591047628
3590946892
3950914652
3590914316
3590463916
3583214028
3583294620
3583214508
3583631020
3583212588
3590980428
3583425596
3583587452
3583463340
3583671388
3583543308
3583253084
3583867772
3583836700
3583380668
3583980636
3583586284
3584074124
3583294412
3584047516
3583417068
3583213052
3583585884
3583378764
3583173612
3583211644
3583374588
3583174924
3583379836
3583253340
3583545612
3583587020
3583295500
3583753932
3583630604
3583502332
3583501148
3583499980
3583457612
3583425084
3590464252
3590716076
3590421004
3590711084
3590712108
3590421404
3590421788
3590876268
3590912316
3590917020
3590912828
3583866748
3583866732
3583714396
3583746284
3584015452
3590340012
3583713868
3583745740
3583454796
3590422556
3583667532
3583866716
3590715084
3591012780
3590833548
3590799132
3590800156
3590752236
3590753244
3590711612
3590834572
3590715580
3583877212
3590839196
3590752716
3590874092
3590911788
3590756956
3590873100
3590464252
3590716076
3590421004
3590711084
3590712108
3590421404
3590421788
3590876268
3590912316
3590917020
3590912828
3583866748
3583866732
3583714396
3583746284
3584015452
3590340012
3583713868
3583745740
3583454796
3590422556
3583667532
3583866716
3590715084
3591012780
3590833548
3590799132
3590800156
3590752236
3590753244
3590711612
3590834572
3590715580
3583877212
3590839196
3590752716
3590874092
3590911788
3590756956
3590873100
59944635
59940027
60128379
60103691
60104923
60104539
59965387
59941547
60136571
60151883
60110843
60169595
60124171
60169979
60105739
60164539
60103979
60112379
60120075
60115451
60099979
60132459
60163835
60018491
60102171
60122139
60156059
60101515
60119051
60001867
60155979
60117499
59963499
60008507
59952299
60138107
60157595
59956971
60104699
60114443
60102427
60111067
60114667
60126971
60117739
60125451
60128411
60107467
60167195
60006971
60002923
60004459
60016971
60016059
59933003
60117979
59935675
60117483
60107243
59944651
59954379
60115931
60114939
59936763
60120059
60013115
59951275
59953355
60104171
59971499
59974075
59961595
59934251
59950795
60124395
60102475
59954923
59978667
59933835
59973035
59968443
60015739
60140635
59954939
59999355
60158619
60014651
60000875
60016955
60014139
60015467
60155707
59983771
59967963
59980155
59938491
59996779
60125691
60112107
60109323
60115947
60149339
60123419
60152891
60111883
60113099
60134987
60000331
60132987
60147243
60112907
60136043
60012075
3583292524
3583255436
3583173164
3583376188
3583833708
60149819
60146235
3583830892
3583377612
3583377244
3583832332
60102155
59986843
59943083
59985307
59986827
60121611
3583708460
3583256908
3583419100
3583212956
3583175276
3583382060
3583256380
3583790908
3583298476
3583542988
3583630332
3590833020
3583214364
3583174860
3583381628
3583216460
3583297452
3583298460
3583749612
3583209596
3583175884
3583709404
3583214396
3583175244
3583459964
3583910092
3583502028
3583710108
3583628844
3583631404
